Introduction to Computer Programming Fundamentals
CSCI 101
SAL 101
John Adams
111223333 100 87 93 90 90 89 91
Willy Smith Jr.
222114444 90 73 67 77 70 80 90
Phil Jordan
777886666 100 80 70 50 -60 90 100
Miriam Carlton Jones
333221111 100 100 100 90 100 100 100
Harry Williams
222334444 0 90 80 70 60 70 80
Gary Hawkins
888776666 60 80 80 70 70 60 75
Hal Jankins
111221111 0 0 0 0 0 0 0
John Johnsen
111334444 100 100 100 100 100 100 100
Nancy Morgan Foley
111446666 80 90 70 65 140 80 77
Allan Hanker
111887777 -90 90 90 9 8 88 90
Helen Gardner
777886666 100 90 80 88 77 60 100
Jack Dolan III
999887777 20 100 80 70 60 50 90
Jerry Mac Alister
111997777 100 90 80 70 80 89 97
Haward Jackson
888889999 80 80 80 80 80 80 80
